0 1
0 2
0 3
0 4
0 5
0 6
0 7
0 8
0 9
0 10
0 11
0 12
0 13
0 14
0 15
0 16
0 17
0 18
0 20
0 21
1 2
1 4
1 6
1 7
1 8
1 9
1 10
1 12
2 3
2 4
2 5
2 6
2 7
2 8
2 9
2 10
2 11
2 12
2 13
2 14
2 15
2 16
2 17
2 18
2 19
2 20
2 21
2 22
2 23
3 5
3 7
4 5
4 6
4 7
4 8
4 10
5 7
5 8
6 7
6 8
6 10
7 8
7 9
7 10
7 12
7 13
7 14
7 15
8 9
8 10
8 12
8 14
9 11
9 12
9 13
9 14
9 15
9 16
11 12
11 13
11 16
11 17
11 18
12 13
12 14
12 15
12 16
12 17
12 19
12 20
12 21
13 14
13 15
13 16
13 17
13 18
13 19
13 21
13 22
13 23
13 24
13 25
14 15
15 16
15 17
15 18
15 19
15 20
15 21
15 22
15 23
15 24
16 17
16 18
16 19
16 20
16 21
16 22
16 23
16 24
16 25
16 26
16 27
16 28
18 19
19 20
19 21
19 22
19 23
19 24
19 25
19 26
20 21
20 22
20 23
20 24
20 25
21 22
21 23
21 24
21 25
21 26
21 27
21 28
21 30
22 23
22 24
22 25
23 24
23 25
23 26
23 27
23 29
23 30
23 31
24 25
24 26
24 27
24 28
24 29
24 30
24 31
24 34
25 26
25 27
25 28
25 29
25 30
25 31
26 27
26 28
26 29
26 30
26 31
26 32
26 33
26 35
27 28
27 29
27 30
27 31
27 32
27 33
27 34
28 29
28 30
28 31
28 32
29 30
29 31
29 32
29 33
29 34
29 36
29 37
30 31
30 32
30 33
30 34
30 35
30 36
31 33
31 34
31 35
31 36
32 33
32 34
32 36
32 37
33 34
33 35
33 36
34 35
34 36
34 37
36 37
0 1 2
0 1 4
0 1 6
0 1 7
0 1 9
0 1 10
0 2 3
0 2 4
0 2 5
0 2 6
0 2 7
0 2 8
0 2 9
0 2 10
0 2 11
0 2 12
0 2 13
0 2 14
0 2 15
0 2 16
0 2 17
0 2 18
0 2 19
0 3 4
0 3 5
0 4 6
0 4 7
0 4 8
0 4 10
0 5 7
0 6 8
0 7 8
0 7 12
0 8 9
0 9 11
0 9 12
0 9 14
0 9 15
0 9 16
0 9 18
0 11 12
0 11 13
0 11 14
0 11 15
0 11 17
0 12 15
0 12 16
0 12 18
0 12 20
0 13 19
0 13 20
0 14 15
0 15 16
0 15 17
0 15 18
0 15 20
0 16 20
0 20 21
1 2 4
1 2 6
1 2 7
1 2 8
1 2 10
1 3 5
1 4 5
1 4 6
1 4 7
1 4 8
1 4 10
1 5 8
1 6 8
1 6 10
1 7 8
1 7 10
1 8 9
1 8 10
1 8 12
1 9 10
1 9 11
1 10 11
1 10 12
2 3 5
2 3 7
2 4 7
2 5 7
2 6 7
2 6 9
2 6 10
2 7 11
2 7 12
2 7 13
2 7 14
2 8 9
2 8 10
2 9 11
2 9 13
2 9 15
2 11 13
2 11 15
2 11 17
2 11 18
2 11 19
2 12 13
2 12 15
2 12 18
2 12 19
2 12 20
2 13 15
2 13 16
2 13 17
2 13 18
2 13 19
2 13 20
2 13 21
2 14 15
2 15 16
2 15 17
2 15 18
2 15 19
2 15 20
2 15 22
2 15 23
2 16 17
2 16 18
2 16 19
2 16 20
2 19 21
2 20 21
2 20 23
3 4 6
3 4 7
3 5 7
4 5 7
4 5 8
4 6 7
4 6 8
4 6 9
4 6 10
4 7 8
4 7 9
4 7 10
4 8 10
5 7 8
6 7 8
6 8 9
6 8 10
6 9 10
7 8 10
7 8 12
7 9 11
7 9 12
7 9 14
7 10 12
7 11 12
7 12 13
7 12 14
7 12 15
7 14 15
8 9 10
8 9 12
8 9 14
8 11 12
8 12 14
9 11 12
9 11 13
9 11 14
9 11 15
9 11 18
9 12 13
9 12 14
9 12 15
9 12 16
9 13 15
9 13 16
9 14 15
9 15 18
11 12 14
11 12 18
11 12 19
11 13 14
11 13 15
11 13 16
11 13 17
11 13 18
11 13 19
11 15 16
11 15 18
11 16 17
11 18 19
12 13 15
12 13 19
12 14 15
12 15 16
12 15 17
12 15 18
12 15 19
12 15 20
12 15 21
12 16 19
12 16 20
12 16 21
12 18 19
12 20 21
13 14 15
13 15 16
13 15 17
13 15 19
13 15 21
13 15 22
13 15 23
13 15 24
13 16 19
13 16 21
13 16 22
13 16 23
13 16 24
13 16 25
13 19 20
13 19 21
13 19 22
13 19 23
13 19 24
13 19 25
13 20 21
13 20 22
13 20 23
13 21 22
13 21 24
13 21 25
13 21 27
13 22 24
13 23 24
13 24 25
15 16 20
15 16 21
15 16 24
15 19 20
15 19 21
15 19 22
15 19 23
15 19 24
15 20 21
15 20 22
15 20 23
15 20 24
15 21 22
15 21 23
15 21 24
15 22 23
15 22 24
15 23 24
16 19 21
16 19 22
16 19 23
16 19 24
16 20 21
16 20 22
16 20 23
16 20 24
16 20 25
16 21 22
16 21 23
16 21 24
16 21 25
16 21 28
16 21 29
16 22 23
16 22 24
16 23 24
16 23 25
16 23 26
16 23 27
16 23 28
16 23 29
16 24 25
16 24 26
16 24 28
16 25 26
16 25 28
16 26 27
19 20 21
19 21 22
19 21 23
19 21 24
19 21 25
19 21 26
19 22 24
19 22 25
19 24 25
19 24 26
20 21 22
20 21 23
20 21 24
20 22 23
20 22 24
20 22 25
20 23 24
20 23 25
20 24 25
21 22 23
21 22 24
21 22 25
21 23 24
21 23 25
21 23 27
21 23 28
21 23 29
21 24 25
21 24 27
21 24 28
21 24 29
21 24 30
21 25 26
21 25 28
21 25 29
21 26 29
21 27 28
22 23 24
22 23 25
22 23 26
22 24 25
22 25 26
23 24 25
23 24 26
23 24 27
23 24 30
23 25 26
23 25 27
23 25 28
23 25 29
23 25 30
23 25 31
23 26 27
23 26 29
23 26 30
23 27 28
23 27 29
23 27 30
23 27 31
23 28 29
23 29 31
23 30 31
24 25 26
24 25 27
24 25 28
24 25 29
24 25 30
24 25 31
24 26 27
24 26 28
24 26 29
24 26 30
24 26 32
24 26 33
24 27 28
24 27 30
24 27 31
24 27 33
24 28 29
24 28 30
24 28 31
24 28 32
24 29 30
24 29 31
24 30 31
24 30 34
24 31 33
24 31 34
25 26 27
25 26 29
25 26 31
25 27 28
25 27 29
25 27 30
25 27 31
25 28 29
25 28 30
25 28 31
25 30 31
26 27 29
26 27 30
26 27 33
26 28 29
26 28 30
26 28 31
26 28 33
26 29 30
26 29 31
26 29 32
26 29 33
26 29 35
26 30 31
26 30 35
26 31 33
26 32 33
27 28 29
27 28 30
27 28 31
27 28 32
27 28 33
27 29 32
27 29 33
27 30 31
27 30 33
27 30 35
27 31 32
27 31 33
27 32 33
27 32 34
27 32 35
27 32 36
27 33 34
27 33 35
27 34 35
28 29 30
28 29 33
28 30 31
29 30 31
29 30 32
29 30 33
29 30 34
29 31 32
29 31 33
29 31 34
29 32 33
29 32 34
29 32 36
29 32 37
29 33 34
29 33 35
29 33 36
29 33 37
29 34 36
29 35 36
29 36 37
30 31 32
30 31 33
30 31 34
30 31 35
30 32 34
30 33 34
30 33 35
30 34 35
30 34 36
30 35 36
31 32 33
31 32 34
31 32 37
31 33 34
31 33 35
31 34 35
31 35 37
32 33 35
32 33 36
32 33 37
32 34 35
0 1 2 4
0 1 2 5
0 1 2 6
0 1 2 7
0 1 2 8
0 1 2 9
0 1 2 10
0 1 3 5
0 1 3 6
0 1 5 8
0 1 6 8
0 1 10 11
0 2 3 5
0 2 3 6
0 2 4 5
0 2 4 7
0 2 4 8
0 2 4 9
0 2 4 10
0 2 6 7
0 2 6 8
0 2 6 9
0 2 6 10
0 2 7 8
0 2 7 11
0 2 7 12
0 2 7 13
0 2 8 10
0 2 8 11
0 2 8 13
0 2 9 11
0 2 9 12
0 2 9 15
0 2 9 16
0 2 10 11
0 2 11 13
0 2 11 14
0 2 11 15
0 2 11 16
0 2 11 17
0 2 11 18
0 2 12 13
0 2 12 15
0 2 12 18
0 2 12 19
0 2 13 15
0 2 13 16
0 2 13 19
0 2 13 21
0 2 15 16
0 2 15 20
0 2 16 19
0 3 4 7
0 3 5 6
0 3 5 7
0 3 5 8
0 3 6 7
0 3 6 8
0 4 6 8
0 4 6 9
0 4 7 9
0 4 7 10
0 5 7 8
0 6 8 9
0 6 9 10
0 7 8 10
0 7 9 11
0 7 9 12
0 7 10 11
0 8 9 10
0 9 10 11
0 9 11 13
0 9 11 15
0 9 11 16
0 9 12 15
0 9 12 16
0 9 15 16
0 11 13 15
0 11 13 16
0 11 13 17
0 11 13 19
0 11 16 18
0 12 13 15
0 12 13 16
0 12 14 15
0 12 15 16
0 12 15 20
0 13 15 16
0 13 18 19
0 15 20 21
0 16 19 20
0 16 20 21
1 2 3 5
1 2 3 6
1 2 4 5
1 2 4 8
1 2 4 10
1 2 6 7
1 2 6 8
1 2 6 9
1 2 7 8
1 2 7 10
1 2 8 9
1 2 8 12
1 4 5 7
1 4 6 7
1 4 6 8
1 4 6 10
1 4 7 8
1 4 7 10
1 4 7 11
1 4 8 10
1 4 9 11
1 6 7 8
1 6 8 10
1 6 9 10
1 7 8 10
1 7 8 12
1 7 9 13
1 8 9 10
1 8 9 11
1 8 10 12
2 3 4 7
2 3 5 6
2 3 5 7
2 3 5 8
2 4 7 8
2 6 7 8
2 6 8 10
2 7 9 13
2 7 9 14
2 7 12 13
2 7 13 15
2 7 14 15
2 8 12 14
2 9 11 14
2 9 11 15
2 9 11 18
2 9 12 16
2 11 12 13
2 11 12 17
2 11 13 15
2 11 13 17
2 11 13 18
2 11 13 19
2 12 13 15
2 12 13 16
2 12 13 17
2 12 13 19
2 12 13 20
2 12 14 15
2 12 15 16
2 12 15 17
2 13 15 16
2 13 15 18
2 13 15 19
2 13 16 19
2 13 16 21
2 13 16 22
2 13 19 21
2 13 19 22
2 15 16 19
2 15 19 22
2 15 20 21
2 15 22 23
2 16 19 21
2 16 20 21
2 20 22 23
3 4 5 6
3 4 5 7
3 4 6 7
3 4 7 8
3 5 7 8
4 5 7 8
4 6 7 8
4 6 9 10
4 7 8 10
4 7 9 10
4 9 10 11
6 7 8 9
6 8 9 10
7 8 9 11
7 8 9 12
7 8 10 12
7 8 12 13
7 8 12 14
7 9 11 13
7 9 12 13
7 9 12 14
7 9 12 15
7 9 14 15
7 12 13 14
7 12 14 15
7 13 14 15
8 9 12 14
9 11 12 13
9 11 12 16
9 11 12 18
9 11 13 15
9 11 13 16
9 11 13 18
9 12 13 15
9 12 14 15
9 12 15 16
9 12 15 17
9 12 15 18
9 12 16 18
9 13 15 16
11 12 13 16
11 12 18 19
11 13 14 15
11 13 15 16
11 13 15 17
11 13 15 19
11 13 16 17
11 13 16 18
11 13 16 19
11 13 18 19
12 13 15 16
12 13 15 17
12 13 15 19
12 15 16 17
12 15 16 18
12 15 16 20
12 15 19 20
12 15 20 21
12 16 20 21
13 15 16 17
13 15 16 19
13 15 16 20
13 15 16 21
13 15 16 24
13 15 19 20
13 15 19 21
13 15 19 22
13 15 19 24
13 15 21 24
13 15 22 24
13 15 23 24
13 16 19 20
13 16 19 21
13 16 19 22
13 16 19 23
13 16 19 24
13 16 19 25
13 16 20 21
13 16 20 23
13 16 21 23
13 16 21 24
13 16 22 24
13 16 23 26
13 19 20 22
13 19 21 22
13 19 21 23
13 19 21 24
13 19 21 25
13 19 21 26
13 19 21 27
13 19 22 23
13 19 22 24
13 19 22 25
13 19 22 26
13 19 23 25
13 19 24 25
13 19 24 26
13 19 24 27
13 19 25 26
13 19 26 27
13 20 21 22
13 20 21 23
13 20 21 24
13 20 21 25
13 20 22 23
13 20 22 24
13 20 23 24
13 21 24 25
13 23 24 25
13 25 26 27
15 16 19 20
15 16 19 21
15 16 19 22
15 16 19 23
15 16 20 21
15 16 20 22
15 16 20 23
15 16 21 22
15 16 21 23
15 16 21 24
15 16 22 23
15 16 22 24
15 19 20 21
15 19 20 23
15 19 21 24
15 19 22 23
15 19 22 24
15 19 23 24
15 20 21 22
15 20 21 23
15 20 22 23
15 20 23 24
15 21 22 23
15 21 22 24
15 22 23 24
16 19 20 21
16 19 20 23
16 19 20 24
16 19 21 23
16 19 21 24
16 19 21 26
16 19 23 24
16 20 21 22
16 20 21 23
16 20 21 24
16 20 22 23
16 20 23 24
16 20 23 25
16 20 24 25
16 21 22 23
16 21 23 24
16 21 23 25
16 21 23 26
16 21 23 27
16 21 24 25
16 21 24 27
16 21 24 28
16 21 25 28
16 22 23 24
16 22 23 25
16 22 23 26
16 22 24 26
16 23 24 25
16 23 24 26
16 23 24 28
16 23 25 26
16 23 25 27
16 23 25 28
16 23 25 29
16 23 26 27
16 23 26 28
16 23 26 29
16 23 27 28
16 24 25 26
16 24 27 29
19 20 21 22
19 20 21 23
19 20 22 25
19 21 22 23
19 21 22 24
19 21 24 25
19 21 24 26
19 21 24 27
19 21 25 28
19 22 23 24
19 22 23 25
19 23 24 25
19 24 26 27
20 21 22 23
20 21 22 25
20 21 23 24
20 21 23 25
20 22 23 24
20 22 23 25
20 23 24 25
21 22 23 25
21 22 24 25
21 23 24 25
21 23 25 26
21 23 25 27
21 23 25 29
21 23 25 30
21 24 25 27
21 24 25 28
21 24 25 29
21 24 25 30
21 24 26 27
21 24 27 28
21 24 27 29
21 24 28 29
21 24 28 30
21 25 26 27
22 23 24 25
22 23 25 26
23 24 25 26
23 24 25 27
23 24 25 29
23 24 26 29
23 24 27 31
23 24 30 31
23 25 26 27
23 25 26 29
23 25 26 31
23 25 27 28
23 25 27 29
23 25 27 30
23 25 27 31
23 25 29 31
23 25 30 31
23 26 27 28
23 26 27 29
23 26 27 30
23 26 27 31
23 26 28 29
23 26 28 30
23 26 29 30
23 26 30 31
23 27 28 30
23 27 29 30
23 27 29 31
23 27 30 31
24 25 27 28
24 25 28 30
24 25 28 31
24 25 29 30
24 25 30 31
24 26 27 29
24 26 27 30
24 26 27 32
24 26 28 29
24 26 28 30
24 26 28 31
24 26 29 30
24 26 29 31
24 26 30 33
24 26 32 33
24 27 28 30
24 27 28 31
24 27 30 31
24 28 29 30
24 28 29 31
24 28 30 31
24 28 30 33
24 29 30 31
24 29 30 32
24 30 31 34
24 31 32 33
24 31 33 34
25 26 27 28
25 26 27 29
25 26 28 29
25 26 29 30
25 27 30 31
25 28 29 30
25 28 29 31
25 28 30 31
26 27 28 29
26 27 28 30
26 27 29 32
26 27 29 33
26 27 29 35
26 27 30 31
26 27 30 33
26 27 32 33
26 27 32 34
26 28 29 30
26 28 29 32
26 28 30 31
26 29 30 31
26 29 30 33
26 29 30 35
26 29 32 33
26 29 32 34
26 30 31 34
26 30 34 35
27 28 29 30
27 28 30 31
27 28 30 32
27 28 31 33
27 29 32 33
27 29 33 34
27 29 33 35
27 29 33 36
27 30 31 33
27 30 31 34
27 30 31 35
27 30 32 33
27 30 32 34
27 30 32 35
27 30 33 35
27 30 34 35
27 31 32 33
27 31 32 35
27 31 34 35
27 32 33 35
27 32 33 36
28 30 31 32
29 30 31 33
29 30 31 35
29 30 32 34
29 31 32 33
29 31 32 34
29 31 33 34
29 32 33 36
29 32 33 37
29 33 35 36
29 33 36 37
30 31 32 33
30 31 32 35
30 31 33 35
30 31 34 35
30 32 33 35
30 32 34 35
31 32 33 37
31 32 34 35
31 33 35 36
31 34 35 36
32 33 36 37
0 1 2 3 5
0 1 2 3 6
0 1 2 4 6
0 1 2 4 7
0 1 2 5 6
0 1 2 5 8
0 1 2 6 8
0 1 2 6 9
0 1 2 6 10
0 1 2 7 8
0 1 2 8 11
0 1 2 9 10
0 1 2 9 11
0 1 2 10 11
0 1 3 4 5
0 1 3 5 6
0 1 3 5 7
0 1 4 6 8
0 1 4 7 8
0 1 4 7 9
0 1 5 6 8
0 1 6 8 9
0 1 6 8 10
0 1 6 9 10
0 1 7 8 10
0 1 8 9 10
0 1 8 9 11
0 2 3 4 5
0 2 3 4 7
0 2 3 5 6
0 2 3 5 7
0 2 3 5 8
0 2 3 6 8
0 2 4 6 7
0 2 4 7 8
0 2 6 7 8
0 2 6 8 9
0 2 6 9 10
0 2 7 8 9
0 2 7 8 11
0 2 7 9 11
0 2 7 10 12
0 2 7 11 12
0 2 7 11 13
0 2 7 12 14
0 2 8 9 11
0 2 8 11 13
0 2 9 10 11
0 2 9 11 12
0 2 9 11 13
0 2 9 11 14
0 2 9 11 15
0 2 9 11 16
0 2 9 11 17
0 2 9 11 18
0 2 9 12 13
0 2 9 12 16
0 2 9 13 14
0 2 9 13 17
0 2 11 12 13
0 2 11 13 14
0 2 11 13 15
0 2 11 13 16
0 2 11 13 17
0 2 11 13 18
0 2 11 13 19
0 2 11 15 17
0 2 11 15 18
0 2 11 16 17
0 2 11 18 19
0 2 12 13 16
0 2 12 13 19
0 2 12 15 16
0 2 12 15 18
0 2 12 16 18
0 2 12 19 20
0 2 13 15 16
0 2 13 15 17
0 2 13 15 19
0 2 13 16 18
0 2 13 16 19
0 2 13 19 20
0 2 15 16 17
0 2 15 16 18
0 2 15 16 20
0 3 4 5 6
0 3 4 5 7
0 3 6 7 8
0 4 6 7 8
0 4 6 7 10
0 4 7 8 10
0 6 7 9 10
0 6 8 9 10
0 7 8 9 10
0 7 8 9 11
0 7 9 10 11
0 7 9 11 13
0 7 9 12 14
0 7 9 13 15
0 7 12 13 14
0 8 9 11 14
0 9 11 12 13
0 9 11 13 15
0 9 11 13 16
0 9 11 13 17
0 9 11 15 16
0 9 12 15 16
0 9 13 16 17
0 11 12 13 15
0 11 12 15 17
0 11 13 15 16
0 11 13 15 17
0 11 13 16 18
0 11 13 16 19
0 11 13 18 19
0 12 13 15 19
0 12 15 16 18
0 12 15 16 19
0 12 15 16 20
0 12 15 20 21
0 12 16 20 21
0 13 15 16 19
0 13 15 16 20
0 15 16 19 20
0 15 16 20 21
0 16 19 20 21
1 2 3 4 6
1 2 3 6 8
1 2 4 5 8
1 2 4 6 7
1 2 4 6 8
1 2 4 6 9
1 2 4 7 8
1 2 5 6 8
1 2 6 7 8
1 2 6 8 9
1 2 6 8 10
1 2 7 8 10
1 2 8 9 10
1 2 9 11 12
1 3 5 7 8
1 3 6 7 8
1 4 6 7 8
1 4 6 7 9
1 4 6 8 9
1 4 6 8 10
1 4 6 9 10
1 4 7 8 9
1 4 7 8 10
1 4 7 9 10
1 4 8 9 10
1 6 7 8 10
1 6 7 9 10
1 6 8 9 10
1 7 8 9 10
1 7 8 9 11
1 7 8 9 12
1 7 8 10 11
1 7 8 10 12
1 7 8 12 13
1 7 9 10 11
1 8 9 10 11
1 8 9 10 12
1 8 9 11 12
2 3 4 5 7
2 3 4 6 7
2 3 5 7 8
2 4 6 9 10
2 4 7 8 9
2 6 8 9 10
2 7 8 9 11
2 7 8 10 11
2 7 9 12 13
2 9 11 13 14
2 9 11 13 15
2 9 11 13 16
2 9 11 13 17
2 9 11 13 18
2 9 12 15 16
2 9 12 15 17
2 9 13 15 16
2 11 12 18 19
2 11 13 14 15
2 11 13 15 16
2 11 13 15 17
2 11 13 15 18
2 11 13 15 19
2 11 13 16 17
2 11 13 16 18
2 11 13 16 19
2 11 13 18 19
2 12 13 14 15
2 12 13 15 16
2 12 13 15 18
2 12 13 15 19
2 12 13 16 19
2 12 15 16 17
2 13 15 16 19
2 13 15 16 21
2 13 15 18 19
2 13 15 19 21
2 13 15 19 22
2 13 16 18 19
2 13 16 19 20
2 13 16 19 21
2 13 16 19 22
2 13 19 21 22
2 13 19 22 23
2 13 20 21 22
2 13 20 21 23
2 15 16 19 21
2 15 16 20 23
2 15 19 20 21
2 15 19 22 23
2 15 20 22 23
2 16 19 20 21
2 20 21 22 23
3 4 6 7 8
4 6 7 8 9
4 6 7 8 10
4 6 8 9 10
4 7 8 9 10
4 7 8 9 11
6 7 8 9 10
7 8 9 10 12
7 8 9 12 13
7 8 9 12 14
7 8 9 13 14
7 8 12 13 14
7 9 10 11 12
7 9 11 12 14
7 9 11 13 15
7 9 11 14 15
7 9 12 13 14
7 9 12 13 15
7 9 12 14 15
7 11 12 13 15
7 12 13 14 15
9 11 12 15 16
9 11 13 14 15
9 11 13 15 16
9 11 13 15 17
9 11 13 15 18
9 11 13 16 17
9 11 13 16 18
9 12 13 15 16
11 12 13 15 16
11 12 13 15 17
11 12 13 16 18
11 13 15 16 17
11 13 15 16 18
11 13 15 16 19
11 13 15 18 19
11 13 16 18 19
12 13 15 16 17
12 13 15 16 18
12 13 15 16 19
12 13 15 16 20
12 13 15 19 20
12 15 16 18 19
12 15 16 19 20
12 15 16 20 21
12 15 19 20 21
13 15 16 19 20
13 15 16 19 21
13 15 16 19 22
13 15 16 19 24
13 15 16 20 21
13 15 16 20 22
13 15 16 20 23
13 15 19 20 21
13 15 19 20 23
13 15 19 20 24
13 15 19 21 22
13 15 19 21 23
13 15 19 21 24
13 15 19 22 23
13 15 19 22 24
13 15 19 23 24
13 15 20 21 23
13 15 20 23 24
13 15 22 23 24
13 16 19 20 21
13 16 19 20 22
13 16 19 20 23
13 16 19 20 24
13 16 19 21 22
13 16 19 21 23
13 16 19 21 24
13 16 19 21 25
13 16 19 21 27
13 16 19 22 23
13 16 19 22 24
13 16 19 23 24
13 16 19 24 25
13 16 19 25 26
13 16 20 21 22
13 16 20 21 23
13 16 20 21 24
13 16 20 21 25
13 16 20 22 23
13 16 20 24 25
13 16 21 22 23
13 16 21 24 27
13 16 23 24 25
13 16 23 26 27
13 16 24 26 27
13 19 20 21 22
13 19 20 21 23
13 19 20 21 24
13 19 20 22 23
13 19 21 22 23
13 19 21 22 24
13 19 21 22 25
13 19 21 23 24
13 19 21 23 25
13 19 21 24 25
13 19 21 24 26
13 19 21 24 27
13 19 21 25 27
13 19 21 26 27
13 19 22 23 25
13 19 22 24 25
13 19 23 24 27
13 19 24 25 26
13 20 22 23 25
13 20 22 24 25
13 21 23 25 26
13 21 24 25 26
15 16 19 20 21
15 16 19 20 22
15 16 19 21 22
15 16 19 22 24
15 16 19 23 24
15 16 20 21 22
15 16 20 21 23
15 16 20 21 24
15 16 20 22 23
15 16 20 22 24
15 16 20 23 24
15 16 21 22 23
15 16 21 22 24
15 16 21 23 24
15 16 22 23 24
15 19 20 21 23
15 19 20 22 23
15 19 21 22 23
15 20 21 22 23
15 20 21 22 24
15 20 21 23 24
15 20 22 23 24
15 21 22 23 24
16 19 20 21 22
16 19 20 21 23
16 19 20 22 23
16 19 21 23 24
16 19 21 24 25
16 19 21 24 26
16 19 21 24 28
16 19 22 23 24
16 19 23 25 27
16 19 23 27 28
16 20 21 22 23
16 20 21 22 24
16 20 21 23 24
16 20 21 23 25
16 20 22 23 24
16 20 22 23 25
16 20 22 24 25
16 20 23 24 25
16 21 22 23 24
16 21 22 23 25
16 21 22 23 26
16 21 23 24 25
16 21 23 24 26
16 21 23 24 27
16 21 23 25 26
16 21 23 25 27
16 21 23 25 28
16 21 23 26 27
16 21 24 25 28
16 21 24 27 28
16 21 24 28 29
16 22 23 24 25
16 22 23 24 26
16 22 23 25 26
16 23 24 25 26
16 23 24 25 27
16 23 24 26 27
16 23 24 27 28
16 23 25 26 27
16 23 25 26 28
16 23 25 26 29
16 23 25 27 28
16 23 25 27 29
16 23 25 28 29
16 23 26 27 28
16 23 26 27 29
16 23 26 28 29
16 24 25 26 27
16 24 25 27 28
16 24 26 27 28
16 24 26 28 29
16 25 26 27 28
16 25 26 27 29
19 20 22 23 25
19 21 24 25 27
19 21 24 25 28
19 21 24 26 27
19 22 23 24 25
20 21 22 23 24
20 21 22 23 25
20 21 22 24 25
20 21 23 24 25
20 22 23 24 25
21 22 23 24 25
21 22 23 25 26
21 23 24 25 26
21 23 24 26 27
21 23 24 28 30
21 23 25 26 27
21 23 25 26 30
21 23 25 27 28
21 23 26 27 28
21 23 27 28 29
21 24 25 27 28
21 24 25 27 29
21 24 25 28 30
21 24 26 27 28
21 24 26 28 30
21 24 27 28 30
21 26 27 28 29
22 23 24 25 26
23 24 25 26 27
23 24 25 26 29
23 24 25 27 28
23 24 25 27 29
23 24 25 27 31
23 24 25 28 30
23 24 26 27 29
23 24 27 28 30
23 24 27 30 31
23 24 28 29 30
23 24 28 30 31
23 25 26 27 28
23 25 26 27 29
23 25 26 27 30
23 25 26 27 31
23 25 26 28 29
23 25 26 29 30
23 25 26 29 31
23 25 27 28 29
23 25 27 28 30
23 25 27 28 31
23 25 27 29 31
23 25 27 30 31
23 25 28 29 30
23 25 28 29 31
23 25 28 30 31
23 25 29 30 31
23 26 27 28 29
23 26 27 29 30
23 26 27 29 31
23 27 28 29 30
23 27 28 30 31
24 25 26 27 28
24 25 26 28 29
24 25 27 28 29
24 25 27 28 30
24 25 27 28 31
24 25 27 29 31
24 25 27 30 31
24 25 28 30 31
24 26 27 28 29
24 26 27 28 30
24 26 27 29 30
24 26 27 31 33
24 26 28 29 30
24 26 28 29 31
24 26 28 30 31
24 26 29 30 31
24 26 29 30 32
24 26 29 32 33
24 26 30 31 34
24 27 28 30 31
24 27 29 31 32
24 27 30 31 32
24 27 30 31 33
24 27 30 31 34
24 27 30 32 33
24 27 31 32 34
24 28 29 30 31
24 28 29 31 32
24 28 30 31 32
24 28 30 31 33
24 29 30 31 33
24 29 30 32 34
24 30 31 32 34
24 30 31 33 34
25 26 27 29 32
25 27 28 30 31
26 27 28 29 30
26 27 28 30 31
26 27 28 31 32
26 27 29 30 33
26 27 29 31 32
26 27 29 32 33
26 27 29 34 35
26 27 30 32 34
26 27 30 34 35
26 27 31 34 35
26 28 29 30 31
26 28 29 30 32
26 28 29 32 33
26 29 30 32 33
26 29 30 34 35
26 29 32 33 34
26 29 32 33 35
26 30 31 32 35
27 28 29 30 32
27 28 30 31 33
27 28 30 32 33
27 28 31 32 33
27 29 30 32 33
27 29 30 32 35
27 29 30 33 35
27 29 30 34 35
27 29 31 32 33
27 29 31 32 35
27 29 32 33 36
27 29 33 34 36
27 30 31 32 34
27 30 31 32 35
27 30 31 33 34
27 30 31 33 35
27 30 31 34 35
27 30 31 35 36
27 30 32 33 35
27 30 33 34 35
27 31 32 33 34
27 31 32 33 35
27 32 33 34 35
27 32 33 35 36
29 30 31 32 33
29 30 31 33 34
29 30 31 34 35
29 30 32 33 37
29 30 32 34 35
29 30 32 36 37
29 30 34 35 36
29 31 33 34 36
29 31 33 36 37
29 32 33 34 35
29 32 33 36 37
30 31 32 33 34
30 31 32 34 35
30 31 34 35 36
30 31 34 35 37
31 32 33 35 37
32 34 35 36 37
0 1 2 3 4 5
0 1 2 3 5 6
0 1 2 3 5 8
0 1 2 3 6 7
0 1 2 3 6 8
0 1 2 4 6 8
0 1 2 4 6 9
0 1 2 4 7 8
0 1 2 5 6 8
0 1 2 5 7 8
0 1 2 6 7 8
0 1 2 6 7 9
0 1 2 6 8 9
0 1 2 6 8 10
0 1 2 7 8 10
0 1 2 7 9 10
0 1 2 7 9 11
0 1 2 7 10 11
0 1 2 8 9 10
0 1 2 8 9 11
0 1 2 8 10 11
0 1 2 9 10 11
0 1 2 9 11 12
0 1 2 9 11 13
0 1 3 4 5 8
0 1 3 4 6 8
0 1 3 5 6 7
0 1 3 5 6 8
0 1 4 5 6 8
0 1 4 6 7 8
0 1 4 6 8 10
0 1 4 6 9 10
0 1 4 7 8 9
0 1 4 7 8 10
0 1 5 6 7 8
0 1 6 8 9 10
0 1 7 8 9 10
0 1 8 9 10 11
0 2 3 4 5 6
0 2 3 4 5 7
0 2 3 5 6 7
0 2 3 5 6 8
0 2 3 5 7 8
0 2 3 6 7 8
0 2 4 7 8 9
0 2 4 7 9 11
0 2 4 7 10 11
0 2 6 8 9 10
0 2 7 8 9 10
0 2 7 8 9 11
0 2 7 8 9 12
0 2 7 8 11 12
0 2 7 8 11 13
0 2 7 9 10 11
0 2 7 9 11 12
0 2 7 9 11 13
0 2 7 9 11 14
0 2 7 9 13 14
0 2 7 10 11 12
0 2 7 11 12 13
0 2 7 11 13 14
0 2 7 11 13 15
0 2 8 9 10 11
0 2 8 9 11 13
0 2 8 9 11 14
0 2 8 9 13 14
0 2 8 11 13 14
0 2 9 11 12 13
0 2 9 11 13 14
0 2 9 11 13 15
0 2 9 11 13 16
0 2 9 11 13 17
0 2 9 11 13 18
0 2 9 11 14 15
0 2 9 12 13 15
0 2 9 13 15 16
0 2 9 13 16 18
0 2 11 12 13 15
0 2 11 13 14 15
0 2 11 13 15 16
0 2 11 13 15 17
0 2 11 13 15 18
0 2 11 13 16 17
0 2 11 13 16 18
0 2 11 13 16 19
0 2 11 13 18 19
0 2 11 15 16 19
0 2 11 16 18 19
0 2 12 13 15 16
0 2 12 13 15 18
0 2 12 13 16 19
0 2 12 15 16 19
0 2 12 15 16 20
0 2 12 15 19 20
0 2 13 15 16 18
0 2 13 15 16 19
0 2 13 16 19 20
0 2 15 16 20 21
0 2 16 19 20 21
0 3 4 6 7 8
0 4 6 7 8 9
0 4 6 7 8 10
0 4 6 7 9 10
0 4 6 8 9 10
0 4 7 8 9 10
0 4 7 8 9 11
0 4 7 9 10 11
0 6 7 8 9 10
0 7 8 9 10 11
0 7 8 9 10 12
0 7 8 9 11 12
0 7 9 11 12 13
0 7 9 11 12 14
0 7 9 11 13 15
0 7 9 12 13 14
0 7 9 12 13 15
0 7 9 12 14 15
0 7 11 12 13 15
0 7 11 12 14 15
0 7 11 13 14 15
0 8 9 11 12 13
0 8 9 11 12 14
0 9 11 12 13 15
0 9 11 12 13 16
0 9 11 12 15 16
0 9 11 12 15 18
0 9 11 12 16 18
0 9 11 13 14 15
0 9 11 13 15 16
0 9 11 13 16 17
0 9 11 13 16 18
0 9 11 15 16 18
0 9 12 13 14 15
0 9 12 13 15 16
0 9 12 15 16 18
0 11 12 13 15 16
0 11 12 13 15 18
0 11 12 13 15 19
0 11 12 13 16 18
0 11 12 13 16 19
0 11 12 15 16 18
0 11 13 15 16 17
0 11 13 15 16 18
0 11 13 15 18 19
0 11 13 16 18 19
0 12 13 15 16 18
0 12 13 15 16 19
0 12 13 15 16 20
0 12 13 16 19 20
0 12 13 16 19 21
0 12 15 16 19 20
0 12 15 16 20 21
0 12 15 19 20 21
0 13 15 16 20 21
0 13 16 19 20 21
1 2 3 4 6 8
1 2 4 6 7 8
1 2 4 6 9 10
1 2 4 7 8 9
1 2 6 7 8 10
1 2 6 7 9 10
1 2 6 8 9 10
1 2 7 8 9 12
1 2 8 9 10 11
1 3 4 6 7 8
1 4 5 6 7 8
1 4 6 7 8 9
1 4 6 7 8 10
1 4 6 7 9 10
1 4 6 8 9 10
1 4 7 8 9 10
1 4 7 8 9 11
1 4 8 9 10 11
1 6 7 8 9 10
1 7 8 9 10 11
1 7 8 9 10 12
1 7 8 9 12 13
1 8 9 10 11 12
1 8 9 11 12 13
2 4 6 8 9 10
2 4 7 8 9 10
2 6 7 8 9 10
2 7 8 9 12 13
2 7 8 11 12 13
2 7 9 11 12 13
2 7 9 12 13 15
2 7 9 12 14 15
2 7 11 12 13 14
2 7 12 13 14 15
2 8 9 11 13 14
2 9 11 12 13 15
2 9 11 12 13 16
2 9 11 12 15 16
2 9 11 13 15 16
2 9 11 13 15 17
2 9 11 13 15 18
2 9 11 13 16 18
2 9 12 13 16 17
2 9 12 15 16 17
2 11 12 13 14 15
2 11 12 13 15 18
2 11 12 13 15 19
2 11 12 13 16 17
2 11 12 13 16 18
2 11 12 13 18 19
2 11 12 15 16 17
2 11 13 15 16 17
2 11 13 15 16 18
2 11 13 15 16 19
2 11 13 15 18 19
2 11 13 16 18 19
2 12 13 15 16 17
2 12 13 15 16 18
2 12 13 15 16 19
2 12 13 15 16 20
2 12 13 16 19 20
2 12 15 16 19 20
2 13 15 16 19 20
2 13 15 16 19 21
2 13 15 16 19 22
2 13 15 16 19 23
2 13 15 16 22 23
2 13 15 19 20 21
2 13 15 19 20 23
2 13 15 19 21 22
2 13 15 20 21 22
2 13 15 20 22 23
2 13 16 19 20 21
2 13 16 19 20 22
2 13 16 19 20 23
2 13 16 19 21 22
2 13 16 19 21 23
2 13 16 20 21 23
2 13 19 20 21 22
2 13 19 20 22 23
2 13 19 21 22 23
2 13 20 21 22 23
2 15 16 21 22 23
2 15 19 20 21 22
2 15 19 20 22 23
2 15 20 21 22 23
2 16 19 20 21 23
2 16 20 21 22 23
4 6 7 8 9 10
4 7 8 9 10 11
7 8 9 10 11 12
7 8 9 11 12 13
7 8 9 11 12 14
7 8 9 12 13 14
7 9 11 12 13 14
7 9 11 12 13 15
7 9 11 13 14 15
7 9 12 13 14 15
9 11 12 13 14 15
9 11 12 13 15 16
9 11 12 13 15 17
9 11 12 13 16 17
9 11 12 13 16 18
9 11 13 15 16 17
9 12 13 15 16 17
11 12 13 15 16 18
11 12 13 15 16 19
11 12 13 15 18 19
11 13 15 16 18 19
12 13 15 16 19 20
12 13 15 19 20 21
12 15 16 19 20 21
13 15 16 19 20 21
13 15 16 19 20 22
13 15 16 19 20 23
13 15 16 19 20 24
13 15 16 19 21 22
13 15 16 19 21 24
13 15 16 19 22 23
13 15 16 19 22 24
13 15 16 19 23 24
13 15 16 20 21 22
13 15 16 20 22 23
13 15 16 21 23 24
13 15 19 20 21 22
13 15 19 20 21 24
13 15 19 20 22 23
13 15 19 20 22 24
13 15 19 21 22 23
13 15 19 21 22 24
13 15 19 22 23 24
13 15 20 21 22 23
13 16 19 20 21 22
13 16 19 20 21 23
13 16 19 20 21 24
13 16 19 20 21 25
13 16 19 20 22 23
13 16 19 20 22 24
13 16 19 20 24 25
13 16 19 21 22 23
13 16 19 21 22 24
13 16 19 21 22 25
13 16 19 21 23 24
13 16 19 21 23 25
13 16 19 21 23 27
13 16 19 21 24 25
13 16 19 21 24 26
13 16 19 21 25 26
13 16 19 21 25 27
13 16 19 22 23 24
13 16 19 22 23 25
13 16 19 22 23 26
13 16 19 22 24 25
13 16 19 23 24 25
13 16 19 23 26 27
13 16 20 21 22 23
13 16 20 21 22 24
13 16 20 21 23 25
13 16 20 22 23 24
13 16 20 22 23 25
13 16 20 22 24 25
13 19 20 21 22 23
13 19 20 21 22 24
13 19 20 21 22 25
13 19 20 21 23 25
13 19 20 21 24 25
13 19 20 22 24 25
13 19 21 22 23 24
13 19 21 22 23 25
13 19 21 22 23 26
13 19 21 22 24 25
13 19 21 23 24 25
13 19 21 23 24 26
13 19 21 23 25 26
13 19 21 23 26 27
13 19 21 24 26 27
13 19 22 23 25 26
13 20 21 22 23 25
13 20 21 22 24 25
13 20 22 23 24 25
13 21 23 25 26 27
15 16 19 20 21 22
15 16 19 20 21 23
15 16 19 20 22 23
15 16 19 20 22 24
15 16 19 20 23 24
15 16 19 22 23 24
15 16 20 21 22 23
15 16 20 21 22 24
15 16 20 21 23 24
15 16 20 22 23 24
15 16 21 22 23 24
15 19 20 21 22 23
15 19 20 21 23 24
15 19 20 22 23 24
15 20 21 22 23 24
16 19 20 21 22 23
16 19 20 21 22 24
16 19 20 21 22 25
16 19 20 21 23 24
16 19 20 22 23 25
16 19 21 22 24 25
16 19 21 23 24 25
16 19 21 24 25 27
16 19 21 24 25 28
16 19 21 24 27 28
16 19 23 24 25 26
16 19 23 25 26 27
16 19 24 25 27 28
16 20 21 22 23 24
16 20 21 22 23 25
16 20 21 22 24 25
16 20 21 23 24 25
16 20 22 23 24 25
16 21 22 23 24 25
16 21 22 23 24 26
16 21 22 23 25 26
16 21 23 24 25 26
16 21 23 24 25 27
16 21 23 24 25 28
16 21 23 24 26 27
16 21 23 24 27 28
16 21 23 25 26 27
16 21 23 25 27 28
16 21 23 25 27 29
16 21 23 26 27 28
16 21 23 26 27 29
16 21 24 25 26 28
16 21 24 25 27 28
16 22 23 24 25 26
16 23 24 25 26 27
16 23 24 25 26 28
16 23 24 25 27 28
16 23 24 26 27 28
16 23 25 26 27 28
16 23 25 26 28 29
16 23 26 27 28 29
16 24 25 26 27 29
19 20 21 22 23 24
19 20 21 22 24 25
19 20 22 23 24 25
19 21 25 26 27 28
20 21 22 23 24 25
21 23 24 25 26 27
21 23 24 25 28 30
21 23 24 26 28 30
21 23 24 27 28 30
21 23 24 28 29 30
21 23 25 26 27 28
21 23 25 27 28 30
21 24 25 26 27 28
21 24 25 27 28 29
21 24 26 28 29 30
23 24 25 26 27 28
23 24 25 26 27 29
23 24 25 26 30 31
23 24 25 27 28 29
23 24 25 27 28 30
23 24 25 27 28 31
23 24 25 27 29 30
23 24 25 27 30 31
23 24 25 28 29 30
23 24 25 28 30 31
23 24 25 29 30 31
23 24 26 27 29 30
23 24 26 27 30 31
23 24 26 28 29 31
23 24 27 28 29 30
23 24 27 28 30 31
23 25 26 27 28 29
23 25 26 27 28 30
23 25 26 27 28 31
23 25 26 27 29 30
23 25 26 27 29 31
23 25 26 27 30 31
23 25 26 28 29 31
23 25 26 29 30 31
23 25 27 28 29 30
23 25 27 28 29 31
23 25 27 28 30 31
23 26 27 28 29 30
23 26 27 28 29 31
23 26 27 29 30 31
23 27 28 29 30 31
24 25 26 27 28 29
24 25 26 27 29 31
24 25 26 28 29 31
24 25 26 28 30 31
24 25 27 28 30 31
24 26 27 28 29 30
24 26 27 28 30 31
24 26 27 29 32 33
24 26 27 29 32 34
24 26 27 29 33 34
24 26 28 29 30 31
24 26 28 29 30 32
24 26 29 30 31 32
24 26 29 31 32 33
24 26 30 31 32 34
24 27 28 29 30 31
24 27 28 30 31 32
24 27 28 30 31 33
24 27 28 30 32 33
24 27 29 30 32 33
24 27 30 31 32 33
24 27 30 31 32 34
24 28 30 31 32 33
24 30 31 32 33 34
25 26 28 29 30 31
26 27 28 29 30 31
26 27 28 29 30 32
26 27 28 29 32 33
26 27 28 31 32 33
26 27 29 30 31 33
26 27 29 30 32 33
26 27 29 30 32 34
26 27 29 30 32 35
26 27 29 30 33 35
26 27 29 31 32 33
26 27 29 31 32 34
26 27 29 31 32 35
26 27 29 32 33 34
26 27 29 32 33 35
26 27 30 31 32 33
26 27 30 31 32 34
26 27 30 31 32 35
26 27 30 31 34 35
26 27 30 32 33 34
26 27 31 32 33 35
26 28 29 30 32 33
26 28 29 31 32 33
26 28 30 31 32 33
26 29 30 31 32 33
26 29 30 31 32 35
26 29 30 31 33 35
26 29 30 32 34 35
26 29 30 33 34 35
26 29 31 32 33 34
26 29 32 33 34 35
26 30 31 32 34 35
27 28 29 30 31 32
27 29 30 31 33 35
27 29 30 31 34 35
27 29 30 32 33 34
27 29 30 33 34 35
27 29 31 32 33 34
27 29 31 32 33 35
27 29 31 32 34 35
27 29 32 33 34 35
27 30 31 32 33 34
27 30 31 32 33 35
27 30 31 32 34 35
27 30 31 33 34 35
27 30 32 33 34 35
27 31 32 33 34 35
29 30 31 34 35 36
29 30 31 34 35 37
29 30 33 35 36 37
29 31 32 33 34 37
29 31 32 33 35 37
29 31 32 33 36 37
29 32 33 34 36 37
29 32 33 35 36 37
30 31 32 33 34 35
30 31 32 33 34 37
30 31 32 34 35 36
30 31 32 34 35 37
31 32 33 34 35 37
31 32 33 35 36 37
32 33 34 35 36 37
0 1 2 3 4 5 6
0 1 2 3 4 5 7
0 1 2 3 4 5 8
0 1 2 3 4 6 7
0 1 2 3 4 6 8
0 1 2 3 5 6 8
0 1 2 3 6 7 8
0 1 2 4 5 6 8
0 1 2 4 6 7 8
0 1 2 4 6 7 10
0 1 2 4 6 8 9
0 1 2 4 6 9 10
0 1 2 5 6 7 8
0 1 2 6 7 8 10
0 1 2 6 7 9 10
0 1 2 6 8 9 10
0 1 2 7 8 9 10
0 1 2 7 8 10 11
0 1 2 7 8 11 13
0 1 2 8 9 10 11
0 1 2 8 9 11 13
0 1 3 4 5 6 7
0 1 3 4 5 6 8
0 1 3 4 5 7 8
0 1 3 4 6 7 8
0 1 3 5 6 7 8
0 1 4 5 6 7 8
0 1 4 6 7 8 9
0 1 4 6 7 8 10
0 1 4 6 7 9 10
0 1 4 6 8 9 10
0 1 4 7 8 9 10
0 1 4 7 8 9 11
0 1 6 7 8 9 10
0 1 7 8 9 10 11
0 1 7 9 10 11 12
0 2 3 4 5 6 8
0 2 3 4 5 7 8
0 2 3 5 6 7 8
0 2 4 6 7 8 9
0 2 4 6 7 9 10
0 2 4 6 8 9 10
0 2 4 7 9 10 11
0 2 7 8 9 10 11
0 2 7 8 11 12 13
0 2 7 8 11 13 14
0 2 7 8 12 13 14
0 2 7 9 11 12 13
0 2 7 9 11 13 14
0 2 7 9 11 13 15
0 2 7 11 12 13 14
0 2 7 11 12 13 15
0 2 7 11 13 14 15
0 2 7 12 13 14 15
0 2 8 9 11 13 14
0 2 8 11 12 13 14
0 2 9 11 12 13 14
0 2 9 11 12 13 15
0 2 9 11 12 13 16
0 2 9 11 12 14 15
0 2 9 11 13 14 15
0 2 9 11 13 15 16
0 2 9 11 13 15 17
0 2 9 11 13 16 17
0 2 9 11 13 16 18
0 2 9 12 13 15 16
0 2 9 13 15 16 17
0 2 11 12 13 14 15
0 2 11 12 13 15 16
0 2 11 12 13 15 17
0 2 11 12 13 16 18
0 2 11 12 15 16 17
0 2 11 12 15 16 18
0 2 11 13 15 16 17
0 2 11 13 15 16 18
0 2 11 13 15 16 19
0 2 11 13 15 18 19
0 2 11 13 16 18 19
0 2 12 13 15 16 18
0 2 12 13 15 16 19
0 2 12 13 19 20 21
0 2 12 15 19 20 21
0 2 13 15 16 18 19
0 2 13 15 16 19 20
0 2 13 15 16 19 21
0 2 13 16 19 20 21
0 3 4 5 6 7 8
0 4 6 7 8 9 10
0 4 7 8 9 10 11
0 7 8 9 10 11 12
0 7 8 9 11 12 13
0 7 9 11 12 13 14
0 7 9 11 12 13 15
0 7 9 11 12 14 15
0 8 9 11 12 13 14
0 9 11 12 13 14 15
0 9 11 12 13 15 16
0 9 11 12 13 15 18
0 9 11 12 13 16 17
0 9 11 12 15 16 17
0 9 11 13 15 16 17
0 9 11 13 15 16 18
0 9 12 13 15 16 17
0 11 12 13 15 16 17
0 11 12 13 15 16 18
0 11 12 13 15 16 19
0 11 12 13 16 18 19
0 11 12 15 16 18 19
0 11 13 15 16 18 19
0 12 13 15 16 19 20
0 12 13 15 16 20 21
0 12 13 15 19 20 21
0 12 13 16 19 20 21
0 12 15 16 19 20 21
1 2 3 4 5 7 8
1 2 4 5 6 7 8
1 2 4 6 7 8 9
1 2 4 6 7 8 10
1 2 4 6 7 9 10
1 2 4 6 8 9 10
1 2 4 7 8 9 10
1 2 6 7 8 9 10
1 2 7 8 9 10 11
1 2 7 9 11 12 13
1 2 8 9 11 12 13
1 3 4 5 6 7 8
1 4 6 7 8 9 10
1 4 7 8 9 10 11
1 7 8 9 10 11 12
1 7 8 9 11 12 13
2 3 4 5 6 7 8
2 7 8 9 12 13 14
2 7 9 11 13 14 15
2 7 9 12 13 14 15
2 9 11 12 13 14 15
2 9 11 12 13 15 16
2 9 11 12 13 15 17
2 9 11 12 13 15 18
2 9 11 12 13 16 17
2 9 11 13 15 16 17
2 9 11 13 15 16 18
2 11 12 13 15 16 18
2 11 12 13 15 16 19
2 11 12 13 15 18 19
2 11 12 13 16 18 19
2 11 13 15 16 18 19
2 12 13 15 16 19 20
2 13 15 16 19 20 21
2 13 15 16 19 20 22
2 13 15 16 19 21 22
2 13 15 16 19 21 23
2 13 15 16 19 22 23
2 13 15 16 20 21 23
2 13 15 19 20 21 22
2 13 15 19 21 22 23
2 13 16 19 20 21 22
2 13 16 19 20 21 23
2 13 16 19 20 22 23
2 13 16 20 21 22 23
2 15 16 19 21 22 23
2 15 16 20 21 22 23
2 15 19 20 21 22 23
2 16 19 20 21 22 23
7 8 9 11 12 13 14
7 9 11 12 13 14 15
9 11 12 13 15 16 17
9 11 12 13 15 16 18
11 12 13 15 16 18 19
12 13 15 16 19 20 21
13 15 16 19 20 21 22
13 15 16 19 20 21 23
13 15 16 19 20 21 24
13 15 16 19 20 22 23
13 15 16 19 20 22 24
13 15 16 19 20 23 24
13 15 16 19 21 22 23
13 15 16 19 21 22 24
13 15 16 19 21 23 24
13 15 16 19 22 23 24
13 15 16 20 21 22 23
13 15 16 20 21 23 24
13 15 16 20 22 23 24
13 15 19 20 21 22 23
13 15 19 20 21 22 24
13 15 19 20 21 23 24
13 15 19 20 22 23 24
13 15 20 21 22 23 24
13 16 19 20 21 22 23
13 16 19 20 21 22 24
13 16 19 20 21 22 25
13 16 19 20 21 23 24
13 16 19 20 21 23 25
13 16 19 20 21 24 25
13 16 19 20 22 23 25
13 16 19 20 23 24 25
13 16 19 21 22 23 25
13 16 19 21 22 23 26
13 16 19 21 22 24 25
13 16 19 21 22 24 26
13 16 19 21 23 24 25
13 16 19 21 23 24 26
13 16 19 21 23 24 27
13 16 19 21 23 25 26
13 16 19 21 23 25 27
13 16 19 21 23 26 27
13 16 19 21 24 25 27
13 16 19 21 24 26 27
13 16 19 21 25 26 27
13 16 19 22 23 24 25
13 16 19 23 24 25 26
13 16 19 23 24 25 27
13 16 19 23 24 26 27
13 16 19 23 25 26 27
13 16 19 24 25 26 27
13 16 20 21 22 23 24
13 16 20 21 22 23 25
13 16 20 21 22 24 25
13 16 20 21 23 24 25
13 16 20 22 23 24 25
13 16 21 22 23 24 25
13 16 21 22 23 25 26
13 16 21 23 24 25 26
13 16 21 23 24 25 27
13 16 21 23 25 26 27
13 16 22 23 24 25 26
13 16 23 24 25 26 27
13 19 20 21 22 23 24
13 19 20 21 22 23 25
13 19 20 21 22 24 25
13 19 20 21 23 24 25
13 19 20 22 23 24 25
13 19 21 22 23 24 25
13 19 21 22 24 25 26
13 19 21 23 24 25 26
13 19 21 23 24 25 27
13 19 21 23 24 26 27
13 19 21 23 25 26 27
13 19 21 24 25 26 27
13 19 23 24 25 26 27
13 20 21 22 23 24 25
15 16 19 20 21 22 23
15 16 19 20 21 22 24
15 16 19 20 21 23 24
15 16 20 21 22 23 24
15 19 20 21 22 23 24
16 19 20 21 22 23 24
16 19 20 21 22 23 25
16 19 20 21 23 24 25
16 19 20 22 23 24 25
16 19 21 22 23 24 26
16 19 21 22 23 25 26
16 19 21 23 24 25 26
16 19 21 23 24 25 27
16 19 21 23 24 25 28
16 19 21 23 25 26 27
16 19 21 24 25 26 28
16 19 21 24 25 27 28
16 19 21 24 26 27 28
16 19 23 24 25 26 27
16 19 23 24 25 27 28
16 20 21 22 23 24 25
16 21 22 23 24 25 26
16 21 23 24 25 26 27
16 21 23 24 25 27 28
16 21 23 24 25 27 29
16 21 23 24 26 27 28
16 21 23 25 26 27 28
16 21 24 25 27 28 29
16 21 25 26 27 28 29
16 23 24 25 26 27 28
16 23 24 25 26 27 29
16 23 24 25 27 28 29
16 23 24 26 27 28 29
16 23 25 26 27 28 29
16 24 25 26 27 28 29
19 20 21 22 23 24 25
19 21 23 24 25 27 28
19 23 24 25 26 27 28
21 23 24 25 26 27 29
21 23 24 25 26 28 29
21 23 24 25 26 29 30
21 23 24 25 27 28 29
21 23 24 25 27 28 30
21 23 25 26 27 28 29
21 23 26 27 28 29 30
21 24 25 26 27 28 30
21 24 26 27 28 29 30
23 24 25 26 27 28 29
23 24 25 26 27 28 30
23 24 25 26 27 28 31
23 24 25 26 27 29 30
23 24 25 26 28 29 31
23 24 25 26 28 30 31
23 24 25 26 29 30 31
23 24 25 27 28 29 30
23 24 25 27 28 29 31
23 24 25 27 28 30 31
23 24 25 28 29 30 31
23 24 26 27 28 29 30
23 24 26 27 28 30 31
23 24 26 27 29 30 31
23 24 27 28 29 30 31
23 25 26 27 28 29 30
23 25 26 27 28 29 31
23 25 26 27 28 30 31
23 25 26 27 29 30 31
23 25 26 28 29 30 31
23 25 27 28 29 30 31
24 25 26 27 28 29 30
24 25 26 27 28 30 31
24 25 26 27 29 30 32
24 25 26 28 29 30 31
24 25 26 28 29 31 32
24 25 27 28 29 30 31
24 26 27 28 29 30 31
24 26 27 28 29 30 32
24 26 27 28 29 30 33
24 26 27 28 29 32 33
24 26 27 28 30 31 32
24 26 27 29 30 31 33
24 26 27 30 31 32 34
24 26 28 29 30 31 33
24 27 28 29 30 31 33
24 27 28 29 31 32 33
24 27 28 30 31 32 33
24 27 30 31 32 33 34
25 26 27 28 29 30 31
25 26 27 28 29 31 32
25 26 27 28 30 31 32
25 26 28 29 30 31 32
26 27 28 29 30 32 33
26 27 28 29 31 32 33
26 27 29 30 31 32 33
26 27 29 30 31 32 34
26 27 29 30 31 32 35
26 27 29 30 32 33 34
26 27 29 30 32 33 35
26 27 29 30 32 34 35
26 27 29 31 32 33 34
26 27 29 31 32 33 35
26 27 29 31 32 34 35
26 27 29 32 33 34 35
26 27 30 31 32 33 34
26 27 30 31 32 33 35
26 27 30 31 32 34 35
26 27 31 32 33 34 35
26 29 30 31 32 33 34
26 29 30 31 32 33 35
26 29 30 31 32 34 35
27 29 30 31 32 33 34
27 29 30 31 32 33 35
27 29 30 31 32 34 35
27 29 30 32 33 34 35
27 29 30 32 33 35 36
27 29 31 32 33 34 35
27 29 31 32 33 35 36
27 29 32 33 34 35 36
27 30 31 32 33 34 35
27 30 31 32 34 35 36
29 30 31 32 33 35 37
29 30 31 32 33 36 37
29 30 31 32 34 35 36
29 30 31 32 34 35 37
29 30 32 33 34 35 36
29 30 32 33 35 36 37
29 31 32 33 34 35 36
29 31 32 33 35 36 37
30 31 32 33 34 35 37
30 31 32 33 35 36 37
30 31 32 34 35 36 37
0 1 2 3 4 5 6 7
0 1 2 3 4 5 6 8
0 1 2 3 4 5 7 8
0 1 2 3 4 6 7 8
0 1 2 3 5 6 7 8
0 1 2 4 5 6 7 8
0 1 2 4 6 7 8 9
0 1 2 4 6 7 8 10
0 1 2 4 6 8 9 10
0 1 2 4 7 8 9 10
0 1 2 4 7 8 10 11
0 1 2 6 7 8 9 10
0 1 2 7 8 9 10 11
0 1 2 7 8 9 11 13
0 1 2 7 8 10 11 12
0 1 2 7 9 10 11 12
0 1 2 8 9 10 11 12
0 1 2 8 9 11 12 13
0 1 3 4 5 6 7 8
0 1 4 6 7 8 9 10
0 1 4 7 8 9 10 11
0 1 7 8 9 11 12 13
0 2 3 4 5 6 7 8
0 2 4 6 7 8 9 10
0 2 4 7 8 9 10 11
0 2 7 8 9 11 12 13
0 2 7 8 9 11 12 14
0 2 7 8 9 11 13 14
0 2 7 8 9 12 13 14
0 2 7 8 11 12 13 14
0 2 7 9 11 12 13 14
0 2 7 9 11 12 13 15
0 2 7 9 11 13 14 15
0 2 7 9 12 13 14 15
0 2 7 11 12 13 14 15
0 2 8 9 11 12 13 14
0 2 9 11 12 13 14 15
0 2 9 11 12 13 15 16
0 2 9 11 12 13 15 17
0 2 9 11 12 13 16 17
0 2 9 11 12 13 16 18
0 2 9 11 12 15 16 17
0 2 9 11 12 15 16 18
0 2 9 11 13 15 16 17
0 2 9 11 13 15 16 18
0 2 9 12 13 15 16 17
0 2 9 12 13 15 16 18
0 2 11 12 13 15 16 17
0 2 11 12 13 15 16 18
0 2 11 12 13 15 16 19
0 2 11 12 13 15 18 19
0 2 11 13 15 16 18 19
0 2 12 13 15 16 18 19
0 2 12 13 15 16 19 20
0 2 12 13 15 16 20 21
0 2 12 13 15 19 20 21
0 2 12 13 16 19 20 21
0 2 12 15 16 19 20 21
0 2 13 15 16 19 20 21
0 7 8 9 11 12 13 14
0 7 9 11 12 13 14 15
0 9 11 12 13 15 16 17
0 9 11 12 13 15 16 18
0 11 12 13 15 16 18 19
0 12 13 15 16 19 20 21
1 2 3 4 5 6 7 8
1 2 4 6 7 8 9 10
1 2 4 7 8 9 10 11
1 2 7 8 9 11 12 13
2 7 8 9 11 12 13 14
2 7 9 11 12 13 14 15
2 9 11 12 13 15 16 17
2 9 11 12 13 15 16 18
2 11 12 13 15 16 18 19
2 12 13 15 16 19 20 21
2 13 15 16 19 20 21 22
2 13 15 16 19 20 21 23
2 13 15 16 19 20 22 23
2 13 15 16 19 21 22 23
2 13 15 16 20 21 22 23
2 13 15 19 20 21 22 23
2 13 16 19 20 21 22 23
13 15 16 19 20 21 22 23
13 15 16 19 20 21 22 24
13 15 16 19 20 21 23 24
13 15 16 19 20 22 23 24
13 15 16 19 21 22 23 24
13 15 16 20 21 22 23 24
13 15 19 20 21 22 23 24
13 16 19 20 21 22 23 24
13 16 19 20 21 22 23 25
13 16 19 20 21 22 24 25
13 16 19 20 21 23 24 25
13 16 19 20 22 23 24 25
13 16 19 21 22 23 24 25
13 16 19 21 22 23 25 26
13 16 19 21 23 24 25 26
13 16 19 21 23 24 25 27
13 16 19 21 23 24 26 27
13 16 19 21 23 25 26 27
13 16 19 22 23 24 25 26
13 16 19 23 24 25 26 27
13 16 20 21 22 23 24 25
13 16 21 22 23 24 25 26
13 16 21 23 24 25 26 27
13 19 20 21 22 23 24 25
13 19 21 22 23 24 25 26
13 19 21 23 24 25 26 27
15 16 19 20 21 22 23 24
16 19 20 21 22 23 24 25
16 19 21 22 23 24 25 26
16 19 21 23 24 25 26 27
16 19 21 23 24 25 26 28
16 19 21 23 24 25 27 28
16 19 21 23 24 26 27 28
16 19 21 23 25 26 27 28
16 19 23 24 25 26 27 28
16 21 23 24 25 26 27 28
16 21 23 24 25 27 28 29
16 21 23 25 26 27 28 29
16 21 24 25 26 27 28 29
16 23 24 25 26 27 28 29
21 23 24 25 26 27 28 30
21 23 24 25 26 28 29 30
21 23 24 26 27 28 29 30
21 23 25 26 27 28 29 30
23 24 25 26 27 28 29 30
23 24 25 26 27 28 29 31
23 24 25 26 27 28 30 31
23 24 25 26 27 29 30 31
23 24 25 26 28 29 30 31
23 24 25 27 28 29 30 31
23 24 26 27 28 29 30 31
23 25 26 27 28 29 30 31
24 25 26 27 28 29 30 31
24 25 26 27 28 30 31 32
24 25 27 28 29 30 31 32
24 26 27 28 29 30 31 32
24 26 27 28 29 30 31 33
24 26 27 28 29 31 32 33
24 26 27 28 30 31 32 33
24 26 27 29 30 31 32 34
24 26 27 30 31 32 33 34
24 26 28 29 30 31 32 33
24 27 28 29 30 31 32 33
24 27 29 30 31 32 33 34
25 26 27 28 29 30 31 32
26 27 28 29 30 31 32 33
26 27 29 30 31 32 33 34
26 27 29 30 31 32 33 35
26 27 29 30 31 32 34 35
26 27 29 30 31 33 34 35
26 27 29 30 32 33 34 35
26 27 29 31 32 33 34 35
26 27 30 31 32 33 34 35
26 29 30 31 32 33 34 35
27 29 30 31 32 33 34 35
27 29 30 31 32 33 34 36
27 29 30 31 32 33 35 36
27 29 30 32 33 34 35 36
27 29 31 32 33 34 35 36
27 30 31 32 33 34 35 36
29 30 31 32 33 34 35 36
29 30 31 32 33 35 36 37
29 30 31 32 34 35 36 37
29 31 32 33 34 35 36 37
30 31 32 33 34 35 36 37
0 1 2 3 4 5 6 7 8
0 1 2 4 6 7 8 9 10
0 1 2 4 7 8 9 10 11
0 1 2 7 8 9 10 11 12
0 1 2 7 8 9 11 12 13
0 2 7 8 9 11 12 13 14
0 2 7 9 11 12 13 14 15
0 2 9 11 12 13 15 16 17
0 2 9 11 12 13 15 16 18
0 2 11 12 13 15 16 18 19
0 2 12 13 15 16 19 20 21
2 13 15 16 19 20 21 22 23
13 15 16 19 20 21 22 23 24
13 16 19 20 21 22 23 24 25
13 16 19 21 22 23 24 25 26
13 16 19 21 23 24 25 26 27
16 19 21 23 24 25 26 27 28
16 21 23 24 25 26 27 28 29
21 23 24 25 26 27 28 29 30
23 24 25 26 27 28 29 30 31
24 25 26 27 28 29 30 31 32
24 26 27 28 29 30 31 32 33
24 26 27 29 30 31 32 33 34
26 27 29 30 31 32 33 34 35
27 29 30 31 32 33 34 35 36
29 30 31 32 33 34 35 36 37
